-581,-564,-32,208,69.9999,0,0,0
-581,-564,337,208,69.9999,0,0,0
-562,-564,320,208,69.9999,0,0,0
-543,-564,319,208,69.9999,0,0,0
-524,-564,317,208,69.9999,0,0,0
-505,-564,314,208,69.9999,0,0,0
-487,-564,311,208,69.9999,0,0,0
-468,-564,306,208,69.9999,0,0,0
-449,-564,301,208,69.9999,0,0,0
-430,-564,295,208,69.9999,0,0,0
-411,-564,288,208,69.9999,0,0,0
-393,-564,280,208,69.9999,0,0,0
-374,-564,271,208,69.9999,0,0,0
-355,-564,261,208,69.9999,0,0,0
-336,-564,250,208,69.9999,0,0,0
-317,-564,239,208,69.9999,0,0,0
-299,-564,226,208,69.9999,0,0,0
-280,-564,213,208,69.9999,0,0,0
-261,-564,199,208,69.9999,0,0,0
-242,-564,184,208,69.9999,0,0,0
-223,-564,168,208,69.9999,0,0,0
-205,-564,151,208,69.9999,0,1,0
-186,-564,133,208,69.9999,0,1,0
-155,-564,114,208,69.9999,0,1,0
-125,-564,95,208,69.9999,0,1,0
-94,-564,74,208,69.9999,0,1,0
-64,-564,53,208,69.9999,1,1,0
-33,-564,23,208,69.9999,1,1,0
-3,-564,-8,208,69.9999,1,0,1
4,-564,-38,208,69.9999,1,0,1
11,-564,-68,208,69.9999,1,0,1
18,-564,-95,208,69.9999,1,0,1
26,-564,284,208,93.33323333333333,1,0,1
33,-564,281,208,93.33323333333333,1,0,1
40,-564,271,208,93.33323333333333,1,0,0
59,-564,261,208,93.33323333333333,1,0,0
77,-564,251,208,93.33323333333333,1,0,0
96,-564,242,208,93.33323333333333,1,0,0
115,-564,232,208,93.33323333333333,1,0,0
119,-564,222,208,93.33323333333333,1,0,0
-581,-506,213,208,93.33323333333333,1,0,0
-581,-506,199,208,93.33323333333333,1,0,0
-564,-506,186,208,93.33323333333333,1,0,0
-547,-506,173,208,93.33323333333333,1,0,0
-530,-506,160,208,93.33323333333333,1,0,0
-513,-506,147,208,93.33323333333333,1,0,0
-496,-506,134,208,93.33323333333333,1,0,0
-479,-506,120,208,93.33323333333333,1,0,0
-462,-506,107,208,93.33323333333333,0,0,0
-446,-506,87,208,93.33323333333333,0,0,1
-429,-506,65,208,93.33323333333333,0,0,1
-424,-506,42,208,93.33323333333333,0,0,1
-418,-506,18,208,93.33323333333333,0,0,1
-413,-506,-7,208,93.33323333333333,0,0,1
-408,-506,-32,208,93.33323333333333,0,0,1
-403,-506,-59,208,93.33323333333333,0,0,0
-397,-506,-63,208,93.33323333333333,0,1,0
-369,-506,320,289,11.666666666666666,0,1,0
-340,-506,319,289,11.666666666666666,0,1,0
-312,-506,308,289,11.666666666666666,0,1,0
-283,-506,297,289,11.666666666666666,0,1,0
-255,-506,284,289,11.666666666666666,0,1,0
-226,-506,271,289,11.666666666666666,0,0,0
-209,-506,257,289,11.666666666666666,0,0,0
-193,-506,242,289,11.666666666666666,0,0,0
-176,-506,226,289,11.666666666666666,0,0,0
-159,-506,210,289,11.666666666666666,0,0,0
-142,-506,192,289,11.666666666666666,0,0,0
-125,-506,173,289,11.666666666666666,1,0,0
-108,-506,146,289,11.666666666666666,1,0,0
-91,-506,118,289,11.666666666666666,1,0,0
-75,-506,91,289,11.666666666666666,1,0,0
-58,-506,63,289,11.666666666666666,1,0,0
-41,-506,36,289,11.666666666666666,1,0,0
-24,-506,8,289,11.666666666666666,1,0,0
-7,-506,-19,289,11.666666666666666,1,0,0
10,-506,-47,289,11.666666666666666,1,0,0
27,-506,-74,289,11.666666666666666,1,0,0
44,-506,-102,289,11.666666666666666,1,0,0
60,-506,276,248,69.999,1,0,0
77,-506,280,248,69.999,1,0,0
94,-506,273,248,69.999,1,0,0
111,-506,267,248,69.999,1,0,0
119,-506,260,248,69.999,1,0,0
-581,-507,254,248,69.999,1,0,0
-581,-507,242,248,69.999,1,0,0
-564,-507,230,248,69.999,1,0,0
-547,-507,218,248,69.999,1,0,0
-530,-507,206,248,69.999,1,0,0
-513,-507,194,248,69.999,1,0,0
-496,-507,183,248,69.999,0,0,0
-479,-507,169,248,69.999,0,0,0
-462,-507,150,248,69.999,0,0,0
-445,-507,130,248,69.999,0,0,0
-428,-507,110,248,69.999,0,1,0
-412,-507,88,248,69.999,0,1,0
-383,-507,65,248,69.999,0,1,0
-354,-507,42,248,69.999,0,1,0
-326,-507,18,248,69.999,0,1,0
-297,-507,-7,248,69.999,0,1,0
-269,-507,-33,248,69.999,0,1,0
-240,-507,-60,248,69.999,0,0,1
-235,-507,-63,248,69.999,0,0,1
-230,-507,320,186,116.66566666666667,0,0,1
-224,-507,319,186,116.66566666666667,0,0,1
-219,-507,312,186,116.66566666666667,0,0,1
-214,-507,304,186,116.66566666666667,0,0,1
-209,-507,295,186,116.66566666666667,0,0,0
-192,-507,285,186,116.66566666666667,0,0,0
-175,-507,274,186,116.66566666666667,0,0,0
-158,-507,263,186,116.66566666666667,0,0,0
-141,-507,250,186,116.66566666666667,0,0,0
-124,-507,237,186,116.66566666666667,1,0,0
-107,-507,215,186,116.66566666666667,1,0,0
-90,-507,192,186,116.66566666666667,1,0,0
-74,-507,170,186,116.66566666666667,1,0,0
-57,-507,148,186,116.66566666666667,1,0,0
-40,-507,125,186,116.66566666666667,1,0,0
-23,-507,103,186,116.66566666666667,1,0,0
-6,-507,81,186,116.66566666666667,1,0,0
11,-507,59,186,116.66566666666667,1,0,0
28,-507,36,186,116.66566666666667,1,0,0
45,-507,14,186,116.66566666666667,1,0,0
62,-507,-8,186,116.66566666666667,1,0,0
79,-507,-31,186,116.66566666666667,1,0,0
95,-507,-53,186,116.66566666666667,1,0,0
112,-507,-75,186,116.66566666666667,1,0,0
119,-507,-92,186,116.66566666666667,1,0,0
-581,-557,296,258,69.999,1,0,0
-581,-557,296,258,69.999,1,0,0
-562,-557,289,258,69.999,1,0,0
-543,-557,281,258,69.999,1,0,0
-525,-557,273,258,69.999,1,0,0
-506,-557,266,258,69.999,1,0,0
-488,-557,258,258,69.999,0,0,0
-469,-557,248,258,69.999,0,0,0
-451,-557,234,258,69.999,0,0,0
-432,-557,218,258,69.999,0,0,0
-413,-557,201,258,69.999,0,0,0
-395,-557,184,258,69.999,0,0,0
-376,-557,165,258,69.999,0,0,0
-358,-557,146,258,69.999,0,0,0
-339,-557,126,258,69.999,0,0,0
-321,-557,105,258,69.999,0,1,0
-302,-557,83,258,69.999,0,1,0
-272,-557,60,258,69.999,0,1,0
-242,-557,36,258,69.999,0,1,0
-211,-557,12,258,69.999,0,1,0
-181,-557,-14,258,69.999,0,1,0
-151,-557,-40,258,69.999,0,1,0
-121,-557,-63,258,69.999,0,0,1
-114,-557,320,228,128.33233333333334,0,0,1
-107,-557,319,228,128.33233333333334,0,0,1
-100,-557,310,228,128.33233333333334,0,0,1
-93,-557,301,228,128.33233333333334,1,0,1
-86,-557,282,228,128.33233333333334,1,0,1
-79,-557,264,228,128.33233333333334,1,0,0
-61,-557,246,228,128.33233333333334,1,0,0
-42,-557,227,228,128.33233333333334,1,0,0
-24,-557,209,228,128.33233333333334,1,0,0
-5,-557,190,228,128.33233333333334,1,0,0
14,-557,172,228,128.33233333333334,1,0,0
32,-557,154,228,128.33233333333334,1,0,0
51,-557,135,228,128.33233333333334,1,0,0
69,-557,117,228,128.33233333333334,1,0,0
88,-557,99,228,128.33233333333334,1,0,0
106,-557,80,228,128.33233333333334,1,0,0
119,-557,62,228,128.33233333333334,1,0,0
-581,-482,43,228,128.33233333333334,1,0,0
-581,-482,22,228,128.33233333333334,1,0,0
-564,-482,0,228,128.33233333333334,1,0,0
-548,-482,-22,228,128.33233333333334,1,0,0
-532,-482,-44,228,128.33233333333334,1,0,0
-516,-482,-66,228,128.33233333333334,1,0,0
-500,-482,-77,228,128.33233333333334,1,0,0
-484,-482,312,222,69.999,1,0,0
-468,-482,318,222,69.999,0,0,0
-452,-482,310,222,69.999,0,0,0
-436,-482,301,222,69.999,0,0,0
-420,-482,291,222,69.999,0,0,0
-404,-482,280,222,69.999,0,0,0
-388,-482,268,222,69.999,0,0,0
-372,-482,256,222,69.999,0,0,0
-356,-482,242,222,69.999,0,0,0
-340,-482,227,222,69.999,0,0,0
-323,-482,212,222,69.999,0,0,0
-307,-482,196,222,69.999,0,0,0
-291,-482,179,222,69.999,0,0,0
-275,-482,160,222,69.999,0,0,0
-259,-482,142,222,69.999,0,1,0
-243,-482,122,222,69.999,0,1,0
-215,-482,101,222,69.999,0,1,0
-188,-482,79,222,69.999,0,1,0
-160,-482,57,222,69.999,0,1,0
-132,-482,33,222,69.999,0,1,0
-104,-482,9,222,69.999,0,1,0
-77,-482,-16,222,69.999,0,0,1
-72,-482,-42,222,69.999,0,0,1
-68,-482,-63,222,69.999,1,0,1
-64,-482,311,195,104.999,1,0,1
-59,-482,303,195,104.999,1,0,1
-55,-482,290,195,104.999,1,0,1
-50,-482,276,195,104.999,1,0,0
-34,-482,262,195,104.999,1,0,0
-18,-482,248,195,104.999,1,0,0
-2,-482,235,195,104.999,1,0,0
14,-482,221,195,104.999,1,0,0
30,-482,207,195,104.999,1,0,0
46,-482,194,195,104.999,1,0,0
62,-482,180,195,104.999,1,0,0
78,-482,166,195,104.999,1,0,0
94,-482,152,195,104.999,1,0,0
110,-482,139,195,104.999,1,0,0
119,-482,125,195,104.999,1,0,1
-581,-442,111,195,104.999,1,0,1
-592,-442,92,195,104.999,1,0,1
-589,-442,73,195,104.999,1,0,1
-586,-442,54,195,104.999,1,0,1
-583,-442,35,195,104.999,1,0,1
-580,-442,16,195,104.999,1,0,0
-577,-442,-2,195,104.999,0,1,0
-550,-442,-23,195,104.999,0,1,0
-524,-442,-49,195,104.999,0,1,0
-498,-442,-63,195,104.999,0,1,0
-471,-442,320,233,46.666666666666664,0,1,0
-445,-442,319,233,46.666666666666664,0,1,0
-418,-442,310,233,46.666666666666664,0,0,0
-404,-442,300,233,46.666666666666664,0,0,0
-389,-442,290,233,46.666666666666664,0,0,0
-374,-442,279,233,46.666666666666664,0,0,0
-359,-442,266,233,46.666666666666664,0,0,0
-345,-442,253,233,46.666666666666664,0,0,0
-330,-442,239,233,46.666666666666664,0,0,0
-315,-442,224,233,46.666666666666664,0,0,0
-301,-442,209,233,46.666666666666664,0,0,0
-286,-442,192,233,46.666666666666664,0,0,0
-271,-442,175,233,46.666666666666664,0,0,0
-256,-442,156,233,46.666666666666664,0,0,0
-242,-442,137,233,46.666666666666664,0,0,0
-227,-442,117,233,46.666666666666664,0,0,0
-212,-442,95,233,46.666666666666664,0,0,0
-197,-442,73,233,46.666666666666664,0,0,0
-183,-442,51,233,46.666666666666664,0,0,0
-168,-442,27,233,46.666666666666664,0,0,0
-153,-442,2,233,46.666666666666664,0,0,0
-139,-442,-23,233,46.666666666666664,0,0,0
-124,-442,-50,233,46.666666666666664,0,0,0
-109,-442,-63,233,46.666666666666664,1,0,0
-94,-442,311,158,69.999,1,0,0
-80,-442,303,158,69.999,1,0,0
-65,-442,291,158,69.999,1,0,0
-50,-442,278,158,69.999,1,0,0
-35,-442,266,158,69.999,1,0,0
-21,-442,253,158,69.999,1,0,0
-6,-442,241,158,69.999,1,0,0
9,-442,228,158,69.999,1,0,0
24,-442,216,158,69.999,1,0,0
38,-442,203,158,69.999,1,0,0
53,-442,191,158,69.999,1,0,0
68,-442,178,158,69.999,1,0,0
82,-442,166,158,69.999,1,0,0
97,-442,153,158,69.999,1,0,0
112,-442,141,158,69.999,1,0,0
119,-442,128,158,69.999,1,0,0
-581,-414,116,158,69.999,1,0,0
-581,-414,97,158,69.999,1,1,0
-567,-414,79,158,69.999,1,1,0
-541,-414,60,158,69.999,1,1,0
-516,-414,42,158,69.999,1,1,0
-490,-414,23,158,69.999,0,1,0
-465,-414,3,158,69.999,0,1,0
-439,-414,-22,158,69.999,0,1,0
-414,-414,-48,158,69.999,0,0,1
-412,-414,-63,158,69.999,0,0,1
-410,-414,320,194,116.66566666666667,0,0,1
-408,-414,319,194,116.66566666666667,0,0,1
-405,-414,311,194,116.66566666666667,0,0,1
-403,-414,303,194,116.66566666666667,0,0,1
-401,-414,294,194,116.66566666666667,0,0,0
-387,-414,284,194,116.66566666666667,0,0,0
-374,-414,273,194,116.66566666666667,0,0,0
-360,-414,261,194,116.66566666666667,0,0,0
-346,-414,248,194,116.66566666666667,0,0,0
-332,-414,235,194,116.66566666666667,0,0,0
-318,-414,220,194,116.66566666666667,0,0,0
-305,-414,205,194,116.66566666666667,0,0,0
-291,-414,189,194,116.66566666666667,0,0,0
-277,-414,172,194,116.66566666666667,0,0,0
-263,-414,154,194,116.66566666666667,0,0,0
-249,-414,135,194,116.66566666666667,0,0,0
-236,-414,115,194,116.66566666666667,0,0,0
-222,-414,94,194,116.66566666666667,0,0,0
-208,-414,73,194,116.66566666666667,0,0,0
-194,-414,50,194,116.66566666666667,0,0,0
-180,-414,27,194,116.66566666666667,0,0,0
-167,-414,3,194,116.66566666666667,0,0,0
-153,-414,-23,194,116.66566666666667,0,0,0
-139,-414,-49,194,116.66566666666667,0,0,0
-125,-414,-63,194,116.66566666666667,1,0,0
-111,-414,311,297,69.999,1,0,0
-98,-414,303,297,69.999,1,0,0
-84,-414,286,297,69.999,1,0,0
-70,-414,269,297,69.999,1,0,0
-56,-414,252,297,69.999,1,0,0
-42,-414,235,297,69.999,1,0,0
-29,-414,218,297,69.999,1,0,0
-15,-414,201,297,69.999,1,0,0
-1,-414,183,297,69.999,1,0,0
13,-414,166,297,69.999,1,0,0
27,-414,149,297,69.999,1,0,0
40,-414,132,297,69.999,1,0,0
54,-414,115,297,69.999,1,0,0
68,-414,98,297,69.999,1,0,0
82,-414,81,297,69.999,1,0,0
96,-414,64,297,69.999,1,0,0
109,-414,46,297,69.999,1,1,0
119,-414,29,297,69.999,1,1,0
-569,-570,12,297,69.999,1,1,0
-557,-570,-13,297,69.999,0,1,0
-527,-570,-38,297,69.999,0,1,0
-496,-570,-63,297,69.999,0,1,0
-465,-570,320,223,128.33233333333334,0,1,0
-435,-570,319,223,128.33233333333334,0,0,1
-427,-570,310,223,128.33233333333334,0,0,1
-420,-570,301,223,128.33233333333334,0,0,1
-413,-570,291,223,128.33233333333334,0,0,1
-405,-570,280,223,128.33233333333334,0,0,1
-398,-570,268,223,128.33233333333334,0,0,1
-391,-570,255,223,128.33233333333334,0,0,0
-372,-570,242,223,128.33233333333334,0,0,0
-353,-570,227,223,128.33233333333334,0,0,0
-334,-570,212,223,128.33233333333334,0,0,0
-315,-570,195,223,128.33233333333334,0,0,0
-296,-570,178,223,128.33233333333334,0,0,0
-277,-570,160,223,128.33233333333334,0,0,0
-258,-570,141,223,128.33233333333334,0,0,0
-239,-570,121,223,128.33233333333334,0,0,0
-220,-570,100,223,128.33233333333334,0,0,0
-201,-570,79,223,128.33233333333334,0,0,0
-182,-570,56,223,128.33233333333334,0,0,0
-163,-570,33,223,128.33233333333334,0,0,0
-144,-570,8,223,128.33233333333334,0,0,0
-125,-570,-17,223,128.33233333333334,0,0,0
-106,-570,-43,223,128.33233333333334,0,0,0
-87,-570,-63,223,128.33233333333334,1,0,0
-68,-570,311,280,69.999,1,0,0
-49,-570,303,280,69.999,1,0,0
-30,-570,287,280,69.999,1,0,0
-11,-570,270,280,69.999,1,0,0
8,-570,254,280,69.999,1,0,0
27,-570,237,280,69.999,1,0,0
46,-570,221,280,69.999,1,0,0
65,-570,204,280,69.999,1,0,0
84,-570,187,280,69.999,1,0,0
103,-570,171,280,69.999,1,0,0
119,-570,154,280,69.999,1,0,0
-581,-600,138,280,69.999,1,0,0
-581,-600,120,280,69.999,1,0,0
-561,-600,101,280,69.999,1,0,0
-541,-600,83,280,69.999,1,1,0
-521,-600,65,280,69.999,1,1,0
-489,-600,47,280,69.999,1,1,0
-457,-600,28,280,69.999,1,1,0
-426,-600,10,280,69.999,1,1,0
-394,-600,-8,280,69.999,0,1,0
-362,-600,-28,280,69.999,0,1,0
-331,-600,-55,280,69.999,0,0,1
-322,-600,-63,280,69.999,0,0,1
-314,-600,320,264,116.66566666666667,0,0,1
-306,-600,319,264,116.66566666666667,0,0,1
-297,-600,309,264,116.66566666666667,0,0,1
-289,-600,298,264,116.66566666666667,0,0,1
-281,-600,287,264,116.66566666666667,0,0,0
-261,-600,275,264,116.66566666666667,0,0,0
-241,-600,261,264,116.66566666666667,0,0,0
-221,-600,247,264,116.66566666666667,0,0,0
-201,-600,232,264,116.66566666666667,0,0,0
-181,-600,216,264,116.66566666666667,0,0,0
-161,-600,199,264,116.66566666666667,0,0,0
-141,-600,182,264,116.66566666666667,0,0,0
-121,-600,163,264,116.66566666666667,1,0,0
-101,-600,136,264,116.66566666666667,1,0,0
-81,-600,108,264,116.66566666666667,1,0,0
-61,-600,80,264,116.66566666666667,1,0,0
-41,-600,53,264,116.66566666666667,1,0,0
-21,-600,25,264,116.66566666666667,1,0,0
-1,-600,-2,264,116.66566666666667,1,0,0
19,-600,-30,264,116.66566666666667,1,0,0
39,-600,-57,264,116.66566666666667,1,0,0
59,-600,-85,264,116.66566666666667,1,0,0
79,-600,-105,264,116.66566666666667,1,0,0
99,-600,279,180,69.999,1,0,0
119,-600,280,180,69.999,1,0,0
-581,-523,276,180,69.999,1,0,0
-581,-523,269,180,69.999,1,0,0
-563,-523,262,180,69.999,1,0,0
-546,-523,255,180,69.999,1,0,0
-528,-523,248,180,69.999,1,0,0
-511,-523,241,180,69.999,1,0,0
-493,-523,234,180,69.999,1,0,0
-476,-523,227,180,69.999,1,0,0
-458,-523,221,180,69.999,0,0,0
-441,-523,210,180,69.999,0,0,0
-424,-523,194,180,69.999,0,0,0
-406,-523,177,180,69.999,0,0,0
-389,-523,160,180,69.999,0,0,0
-371,-523,141,180,69.999,0,0,0
-354,-523,122,180,69.999,0,1,0
-336,-523,102,180,69.999,0,1,0
-307,-523,81,180,69.999,0,1,0
-278,-523,59,180,69.999,0,1,0
-249,-523,36,180,69.999,0,1,0
-220,-523,12,180,69.999,0,1,0
-191,-523,-13,180,69.999,0,1,0
-162,-523,-38,180,69.999,0,0,1
-156,-523,-63,180,69.999,0,0,1
-150,-523,320,275,116.66566666666667,0,0,1
-145,-523,319,275,116.66566666666667,0,0,1
-139,-523,309,275,116.66566666666667,0,0,1
-133,-523,298,275,116.66566666666667,0,0,1
-127,-523,286,275,116.66566666666667,0,0,0
-110,-523,273,275,116.66566666666667,0,0,0
-92,-523,259,275,116.66566666666667,1,0,0
-75,-523,237,275,116.66566666666667,1,0,0
-58,-523,214,275,116.66566666666667,1,0,0
-40,-523,192,275,116.66566666666667,1,0,0
-23,-523,169,275,116.66566666666667,1,0,0
-5,-523,146,275,116.66566666666667,1,0,0
12,-523,124,275,116.66566666666667,1,0,0
30,-523,101,275,116.66566666666667,1,0,0
47,-523,79,275,116.66566666666667,1,0,0
65,-523,56,275,116.66566666666667,1,0,0
82,-523,33,275,116.66566666666667,1,0,0
99,-523,11,275,116.66566666666667,1,0,0
117,-523,-12,275,116.66566666666667,1,0,0
119,-523,-34,275,116.66566666666667,1,0,0
-581,-489,-57,275,116.66566666666667,1,0,0
-581,-489,-83,275,116.66566666666667,1,0,0
-564,-489,-93,275,116.66566666666667,1,0,0
-548,-489,292,241,69.999,1,0,0
-532,-489,295,241,69.999,1,0,0
-515,-489,290,241,69.999,1,0,0
-499,-489,286,241,69.999,1,0,0
-483,-489,281,241,69.999,1,0,0
-466,-489,277,241,69.999,0,0,0
-450,-489,265,241,69.999,0,0,0
-434,-489,252,241,69.999,0,0,0
-418,-489,237,241,69.999,0,0,0
-401,-489,222,241,69.999,0,0,0
-385,-489,206,241,69.999,0,0,0
-369,-489,189,241,69.999,0,0,0
-352,-489,172,241,69.999,0,0,0
-336,-489,153,241,69.999,0,0,0
-320,-489,133,241,69.999,0,0,0
-303,-489,113,241,69.999,0,1,0
-287,-489,91,241,69.999,0,1,0
-259,-489,69,241,69.999,0,1,0
-231,-489,46,241,69.999,0,1,0
-203,-489,22,241,69.999,0,1,0
-175,-489,-3,241,69.999,0,1,0
-147,-489,-29,241,69.999,0,1,0
-119,-489,-55,241,69.999,0,0,1
-115,-489,-63,241,69.999,0,0,1
-110,-489,320,252,116.66566666666667,0,0,1
-105,-489,319,252,116.66566666666667,0,0,1
-101,-489,309,252,116.66566666666667,1,0,1
-96,-489,291,252,116.66566666666667,1,0,1
-92,-489,273,252,116.66566666666667,1,0,0
-75,-489,254,252,116.66566666666667,1,0,0
-59,-489,236,252,116.66566666666667,1,0,0
-43,-489,218,252,116.66566666666667,1,0,0
-26,-489,200,252,116.66566666666667,1,0,0
-10,-489,181,252,116.66566666666667,1,0,0
6,-489,163,252,116.66566666666667,1,0,0
23,-489,145,252,116.66566666666667,1,0,0
39,-489,126,252,116.66566666666667,1,0,0
55,-489,108,252,116.66566666666667,1,0,0
71,-489,90,252,116.66566666666667,1,0,0
88,-489,72,252,116.66566666666667,1,0,0
104,-489,53,252,116.66566666666667,1,0,0
119,-489,35,252,116.66566666666667,1,0,0
-581,-456,17,252,116.66566666666667,1,0,0
-581,-456,-7,252,116.66566666666667,1,0,0
-565,-456,-30,252,116.66566666666667,1,0,0
-550,-456,-54,252,116.66566666666667,1,0,0
-535,-456,-77,252,116.66566666666667,1,0,0
-520,-456,309,207,69.999,1,0,0
-505,-456,314,207,69.999,0,0,0
-489,-456,311,207,69.999,0,0,0
-474,-456,302,207,69.999,0,0,0
-459,-456,293,207,69.999,0,0,0
-444,-456,282,207,69.999,0,0,0
-429,-456,271,207,69.999,0,0,0
-413,-456,259,207,69.999,0,0,0
-398,-456,245,207,69.999,0,0,0
-383,-456,231,207,69.999,0,0,0
-368,-456,217,207,69.999,0,0,0
-353,-456,201,207,69.999,0,0,0
-337,-456,184,207,69.999,0,0,0
-322,-456,166,207,69.999,0,0,0
-307,-456,148,207,69.999,0,0,0
-292,-456,129,207,69.999,0,1,0
-277,-456,108,207,69.999,0,1,0
-250,-456,87,207,69.999,0,1,0
-223,-456,65,207,69.999,0,1,0
-196,-456,42,207,69.999,0,1,0
-169,-456,19,207,69.999,0,1,0
-142,-456,-6,207,69.999,0,1,0
-115,-456,-32,207,69.999,0,0,1
-112,-456,-58,207,69.999,0,0,1
-108,-456,-63,207,69.999,0,0,1
-105,-456,320,209,104.999,0,0,1
-101,-456,319,209,104.999,1,0,1
-98,-456,303,209,104.999,1,0,1
-94,-456,287,209,104.999,1,0,0
-79,-456,271,209,104.999,1,0,0
-64,-456,255,209,104.999,1,0,0
-49,-456,239,209,104.999,1,0,0
-33,-456,223,209,104.999,1,0,0
-18,-456,207,209,104.999,1,0,0
-3,-456,191,209,104.999,1,0,0
12,-456,175,209,104.999,1,0,0
27,-456,159,209,104.999,1,0,0
43,-456,143,209,104.999,1,0,0
58,-456,127,209,104.999,1,0,0
73,-456,111,209,104.999,1,0,0
88,-456,95,209,104.999,1,0,0
103,-456,79,209,104.999,1,0,0
119,-456,63,209,104.999,1,0,0
119,-456,47,209,104.999,1,0,0
-581,-555,31,209,104.999,1,0,0
-581,-555,8,209,104.999,1,0,0
-562,-555,-15,209,104.999,1,0,0
-544,-555,-38,209,104.999,1,0,0
-525,-555,-61,209,104.999,0,0,0
-507,-555,-63,209,104.999,0,0,0
-488,-555,320,169,69.999,0,0,0
-470,-555,319,169,69.999,0,0,0
-451,-555,312,169,69.999,0,0,0
-433,-555,305,169,69.999,0,0,0
-414,-555,296,169,69.999,0,0,0
-396,-555,287,169,69.999,0,0,0
-377,-555,277,169,69.999,0,0,0
-359,-555,266,169,69.999,0,0,0
-340,-555,254,169,69.999,0,0,0
-322,-555,242,169,69.999,0,0,0
-303,-555,228,169,69.999,0,0,0
-285,-555,213,169,69.999,0,0,0
-266,-555,198,169,69.999,0,0,0
-248,-555,182,169,69.999,0,1,0
-229,-555,164,169,69.999,0,1,0
-199,-555,146,169,69.999,0,1,0
-169,-555,127,169,69.999,0,1,0
-139,-555,108,169,69.999,0,1,0
-108,-555,87,169,69.999,0,1,0
-78,-555,65,169,69.999,0,1,0
-48,-555,43,169,69.999,1,0,1
-41,-555,11,169,69.999,1,0,1
-34,-555,-20,169,69.999,1,0,1
-28,-555,-52,169,69.999,1,0,1
-21,-555,-83,169,69.999,1,0,1
-14,-555,-95,169,69.999,1,0,1
-7,-555,284,185,69.99899999999998,1,0,0
11,-555,281,185,69.99899999999998,1,0,0
30,-555,272,185,69.99899999999998,1,0,0
48,-555,263,185,69.99899999999998,1,0,0
67,-555,254,185,69.99899999999998,1,0,0
85,-555,245,185,69.99899999999998,1,0,0
104,-555,236,185,69.99899999999998,1,0,0
119,-555,227,185,69.99899999999998,1,0,0
-581,-477,218,185,69.99899999999998,1,0,0
-581,-477,206,185,69.99899999999998,1,0,0
-565,-477,193,185,69.99899999999998,1,0,0
-549,-477,181,185,69.99899999999998,1,0,0
-533,-477,168,185,69.99899999999998,1,0,0
-517,-477,156,185,69.99899999999998,1,0,0
-501,-477,144,185,69.99899999999998,1,0,0
-485,-477,131,185,69.99899999999998,1,0,0
-469,-477,119,185,69.99899999999998,0,0,0
-453,-477,99,185,69.99899999999998,0,0,1
-437,-477,78,185,69.99899999999998,0,0,1
-433,-477,56,185,69.99899999999998,0,0,1
-429,-477,33,185,69.99899999999998,0,0,1
-425,-477,9,185,69.99899999999998,0,0,1
-420,-477,-16,185,69.99899999999998,0,0,1
-416,-477,-42,185,69.99899999999998,0,0,0
-412,-477,-63,185,69.99899999999998,0,1,0
-384,-477,320,208,11.666666666666666,0,1,0
-357,-477,319,208,11.666666666666666,0,1,0
-329,-477,311,208,11.666666666666666,0,1,0
-302,-477,302,208,11.666666666666666,0,1,0
-274,-477,292,208,11.666666666666666,0,1,0
-247,-477,282,208,11.666666666666666,0,0,0
-231,-477,271,208,11.666666666666666,0,0,0
-215,-477,258,208,11.666666666666666,0,0,0
-199,-477,245,208,11.666666666666666,0,0,0
-183,-477,231,208,11.666666666666666,0,0,0
-167,-477,216,208,11.666666666666666,0,0,0
-151,-477,200,208,11.666666666666666,0,0,0
-135,-477,184,208,11.666666666666666,1,0,0
-119,-477,158,208,11.666666666666666,1,0,0
-104,-477,132,208,11.666666666666666,1,0,0
-88,-477,107,208,11.666666666666666,1,0,0
-72,-477,81,208,11.666666666666666,1,0,0
-56,-477,55,208,11.666666666666666,1,0,0
-40,-477,29,208,11.666666666666666,1,0,0
-24,-477,4,208,11.666666666666666,1,0,0
-8,-477,-22,208,11.666666666666666,1,0,0
8,-477,-48,208,11.666666666666666,1,0,0
24,-477,-73,208,11.666666666666666,1,0,0
40,-477,-99,208,11.666666666666666,1,0,0
55,-477,-102,208,11.666666666666666,1,0,0
71,-477,283,216,69.999,1,0,0
87,-477,286,216,69.999,1,0,0
103,-477,282,216,69.999,1,0,0
119,-477,278,216,69.999,1,0,0
119,-477,275,216,69.999,1,0,0
-581,-545,271,216,69.999,1,0,0
-581,-545,260,216,69.999,1,0,0
-562,-545,249,216,69.999,1,0,0
-544,-545,239,216,69.999,1,0,0
-526,-545,228,216,69.999,0,0,0
-508,-545,214,216,69.999,0,0,0
-490,-545,198,216,69.999,0,0,0
-472,-545,181,216,69.999,0,0,0
-453,-545,163,216,69.999,0,0,0
-435,-545,144,216,69.999,0,0,0
-417,-545,124,216,69.999,0,0,0
-399,-545,104,216,69.999,0,0,0
-381,-545,83,216,69.999,0,1,0
-363,-545,60,216,69.999,0,1,0
-333,-545,37,216,69.999,0,1,0
-303,-545,13,216,69.999,0,1,0
-273,-545,-12,216,69.999,0,1,0
-243,-545,-38,216,69.999,0,1,0
-213,-545,-63,216,69.999,0,1,0
-184,-545,320,259,139.999,0,0,1
-177,-545,319,259,139.999,0,0,1
-171,-545,309,259,139.999,0,0,1
-164,-545,299,259,139.999,0,0,1
-158,-545,287,259,139.999,0,0,1
-151,-545,275,259,139.999,0,0,1
-145,-545,262,259,139.999,0,0,0
-126,-545,248,259,139.999,0,0,0
-108,-545,233,259,139.999,0,0,0
-90,-545,218,259,139.999,0,0,0
-72,-545,201,259,139.999,1,0,0
-54,-545,175,259,139.999,1,0,0
-36,-545,150,259,139.999,1,0,0
-17,-545,124,259,139.999,1,0,0
1,-545,98,259,139.999,1,0,0
19,-545,73,259,139.999,1,0,0
37,-545,47,259,139.999,1,0,0
55,-545,21,259,139.999,1,0,0
73,-545,-4,259,139.999,1,0,0
92,-545,-30,259,139.999,1,0,0
110,-545,-55,259,139.999,1,0,0
119,-545,-81,259,139.999,1,0,0
-581,-448,-102,259,139.999,1,0,0
-581,-448,282,174,69.999,1,0,0
-566,-448,283,174,69.999,1,0,0
-551,-448,279,174,69.999,1,0,0
-536,-448,275,174,69.999,1,0,0
-521,-448,271,174,69.999,1,0,0
-506,-448,267,174,69.999,1,0,0
-491,-448,263,174,69.999,1,0,0
-476,-448,258,174,69.999,0,0,0
-461,-448,253,174,69.999,0,0,0
-446,-448,240,174,69.999,0,0,0
-431,-448,226,174,69.999,0,0,0
-416,-448,212,174,69.999,0,0,0
-401,-448,196,174,69.999,0,0,0
-386,-448,180,174,69.999,0,0,0
-371,-448,162,174,69.999,0,0,0
-357,-448,144,174,69.999,0,0,0
-342,-448,125,174,69.999,0,0,0
-327,-448,105,174,69.999,0,1,0
-312,-448,84,174,69.999,0,1,0
-285,-448,62,174,69.999,0,1,0
-259,-448,40,174,69.999,0,1,0
-232,-448,16,174,69.999,0,1,0
-205,-448,-9,174,69.999,0,1,0
-179,-448,-34,174,69.999,0,1,0
-152,-448,-60,174,69.999,0,0,1
-149,-448,-63,174,69.999,0,0,1
-146,-448,320,183,116.66566666666667,0,0,1
-142,-448,319,183,116.66566666666667,0,0,1
-139,-448,312,183,116.66566666666667,0,0,1
-136,-448,304,183,116.66566666666667,0,0,1
-133,-448,295,183,116.66566666666667,0,0,0
-118,-448,285,183,116.66566666666667,0,0,0
-103,-448,275,183,116.66566666666667,1,0,0
-88,-448,255,183,116.66566666666667,1,0,0
-73,-448,236,183,116.66566666666667,1,0,0
-58,-448,216,183,116.66566666666667,1,0,0
-43,-448,197,183,116.66566666666667,1,0,0
-28,-448,177,183,116.66566666666667,1,0,0
-13,-448,158,183,116.66566666666667,1,0,0
2,-448,138,183,116.66566666666667,1,0,0
17,-448,118,183,116.66566666666667,1,0,0
32,-448,99,183,116.66566666666667,1,0,0
47,-448,79,183,116.66566666666667,1,0,0
62,-448,60,183,116.66566666666667,1,0,0
77,-448,40,183,116.66566666666667,1,0,0
91,-448,21,183,116.66566666666667,1,0,0
106,-448,1,183,116.66566666666667,1,0,0
119,-448,-18,183,116.66566666666667,1,0,0
-581,-513,-38,183,116.66566666666667,1,0,0
-581,-513,-63,183,116.66566666666667,1,0,0
-563,-513,-84,183,116.66566666666667,1,0,0
-546,-513,302,169,69.999,1,0,0
-529,-513,304,169,69.999,1,0,0
-512,-513,302,169,69.999,1,0,0
-495,-513,300,169,69.999,0,0,0
-478,-513,296,169,69.999,0,0,0
-461,-513,287,169,69.999,0,0,0
-444,-513,277,169,69.999,0,0,0
-427,-513,266,169,69.999,0,0,0
-410,-513,254,169,69.999,0,0,0
-392,-513,242,169,69.999,0,0,0
-375,-513,228,169,69.999,0,0,0
-358,-513,213,169,69.999,0,0,0
-341,-513,198,169,69.999,0,0,0
-324,-513,182,169,69.999,0,0,0
-307,-513,164,169,69.999,0,0,0
-290,-513,146,169,69.999,0,0,0
-273,-513,127,169,69.999,0,0,0
-256,-513,108,169,69.999,0,0,0
-239,-513,87,169,69.999,0,1,0
-221,-513,65,169,69.999,0,1,0
-193,-513,43,169,69.999,0,1,0
-164,-513,19,169,69.999,0,1,0
-135,-513,-5,169,69.999,0,1,0
-106,-513,-30,169,69.999,0,1,0
-78,-513,-56,169,69.999,0,1,0
-49,-513,-63,169,69.999,0,0,1
-43,-513,320,197,128.33233333333334,0,0,1
-38,-513,319,197,128.33233333333334,1,0,1
-33,-513,303,197,128.33233333333334,1,0,1
-27,-513,287,197,128.33233333333334,1,0,1
-22,-513,272,197,128.33233333333334,1,0,1
-16,-513,256,197,128.33233333333334,1,0,0
1,-513,241,197,128.33233333333334,1,0,0
18,-513,225,197,128.33233333333334,1,0,0
35,-513,210,197,128.33233333333334,1,0,0
52,-513,194,197,128.33233333333334,1,0,0
69,-513,179,197,128.33233333333334,1,0,0
86,-513,163,197,128.33233333333334,1,0,0
103,-513,147,197,128.33233333333334,1,0,0
119,-513,132,197,128.33233333333334,1,0,0
-581,-545,116,197,128.33233333333334,1,0,0
-581,-545,98,197,128.33233333333334,1,0,0
-562,-545,80,197,128.33233333333334,1,0,0
-544,-545,62,197,128.33233333333334,1,0,0
-526,-545,44,197,128.33233333333334,1,0,0
-508,-545,26,197,128.33233333333334,1,0,0
-490,-545,8,197,128.33233333333334,1,0,0
-472,-545,-11,197,128.33233333333334,1,0,0
-453,-545,-29,197,128.33233333333334,0,0,0
-435,-545,-51,197,128.33233333333334,0,0,0
-417,-545,-63,197,128.33233333333334,0,0,0
-399,-545,320,265,69.999,0,0,0
-381,-545,319,265,69.999,0,0,0
-363,-545,309,265,69.999,0,0,0
-344,-545,298,265,69.999,0,0,0
-326,-545,287,265,69.999,0,0,0
-308,-545,274,265,69.999,0,0,0
-290,-545,261,265,69.999,0,0,0
-272,-545,247,265,69.999,0,0,0
-254,-545,232,265,69.999,0,0,0
-235,-545,216,265,69.999,0,0,0
-217,-545,199,265,69.999,0,0,0
-199,-545,181,265,69.999,0,0,0
-181,-545,163,265,69.999,0,0,0
-163,-545,143,265,69.999,0,0,0
-145,-545,123,265,69.999,1,0,0
-126,-545,94,265,69.999,1,0,0
-108,-545,64,265,69.999,1,1,0
-90,-545,35,265,69.999,1,1,0
-60,-545,5,265,69.999,1,1,0
-30,-545,-24,265,69.999,1,1,0
-1,-545,-53,265,69.999,1,1,0
29,-545,-83,265,69.999,1,1,0
59,-545,-103,265,69.999,1,1,0
89,-545,279,286,139.999,1,0,1
95,-545,278,286,139.999,1,0,1
102,-545,268,286,139.999,1,0,1
108,-545,258,286,139.999,1,0,1
115,-545,249,286,139.999,1,0,1
121,-545,239,286,139.999,1,0,1
119,-545,229,286,139.999,1,0,0
-581,-411,220,286,139.999,1,0,0
-581,-411,205,286,139.999,1,0,0
-567,-411,190,286,139.999,1,0,0
-553,-411,175,286,139.999,1,0,0
-539,-411,160,286,139.999,1,0,0
-526,-411,145,286,139.999,1,0,0
-512,-411,130,286,139.999,0,0,0
-498,-411,114,286,139.999,0,0,0
-485,-411,92,286,139.999,0,0,0
-471,-411,69,286,139.999,0,0,0
-457,-411,45,286,139.999,0,0,0
-444,-411,21,286,139.999,0,0,0
-430,-411,-5,286,139.999,0,0,0
-416,-411,-31,286,139.999,0,0,0
-402,-411,-59,286,139.999,0,0,0
-389,-411,-63,286,139.999,0,0,0
-375,-411,320,155,69.999,0,0,0
-361,-411,319,155,69.999,0,0,0
-348,-411,313,155,69.999,0,0,0
-334,-411,306,155,69.999,0,0,0
-320,-411,298,155,69.999,0,0,0
-307,-411,289,155,69.999,0,0,0
-293,-411,279,155,69.999,0,0,0
-279,-411,269,155,69.999,0,0,0
-265,-411,258,155,69.999,0,0,0
-252,-411,245,155,69.999,0,0,0
-238,-411,232,155,69.999,0,0,0
-224,-411,218,155,69.999,0,0,0
-211,-411,203,155,69.999,0,0,0
-197,-411,187,155,69.999,0,0,0
-183,-411,171,155,69.999,0,1,0
-170,-411,153,155,69.999,0,1,0
-144,-411,134,155,69.999,0,1,0
-119,-411,115,155,69.999,0,1,0
-93,-411,95,155,69.999,0,1,0
-68,-411,74,155,69.999,1,1,0
-43,-411,43,155,69.999,1,1,0
-17,-411,13,155,69.999,1,0,1
-15,-411,-17,155,69.999,1,0,1
-13,-411,-47,155,69.999,1,0,1
-11,-411,-77,155,69.999,1,0,1
-9,-411,-99,155,69.999,1,0,1
-7,-411,281,274,81.66566666666665,1,0,1
-5,-411,279,274,81.66566666666665,1,0,0
9,-411,268,274,81.66566666666665,1,0,0
22,-411,257,274,81.66566666666665,1,0,0
36,-411,246,274,81.66566666666665,1,0,0
50,-411,235,274,81.66566666666665,1,0,0
63,-411,224,274,81.66566666666665,1,0,0
77,-411,212,274,81.66566666666665,1,0,0
91,-411,201,274,81.66566666666665,1,0,0
104,-411,190,274,81.66566666666665,1,0,0
118,-411,179,274,81.66566666666665,1,0,0
119,-411,168,274,81.66566666666665,1,0,0
-581,-465,157,274,81.66566666666665,1,0,0
-581,-465,138,274,81.66566666666665,0,0,1
-565,-465,119,274,81.66566666666665,0,0,1
-561,-465,97,274,81.66566666666665,0,0,1
-557,-465,75,274,81.66566666666665,0,0,1
-554,-465,52,274,81.66566666666665,0,0,1
-550,-465,27,274,81.66566666666665,0,0,1
-546,-465,2,274,81.66566666666665,0,0,0
-542,-465,-24,274,81.66566666666665,0,1,0
-515,-465,-51,274,81.66566666666665,0,1,0
-488,-465,-63,274,81.66566666666665,0,1,0
-460,-465,320,158,35,0,1,0
-433,-465,319,158,35,0,1,0
-406,-465,312,158,35,0,1,0
-379,-465,305,158,35,0,0,0
-363,-465,297,158,35,0,0,0
-348,-465,289,158,35,0,0,0
-332,-465,279,158,35,0,0,0
-317,-465,268,158,35,0,0,0
-301,-465,257,158,35,0,0,0
-286,-465,244,158,35,0,0,0
-271,-465,231,158,35,0,0,0
-255,-465,217,158,35,0,0,0
-240,-465,202,158,35,0,0,0
-224,-465,186,158,35,0,0,0
-209,-465,169,158,35,0,0,0
-193,-465,152,158,35,0,0,0
-178,-465,133,158,35,0,0,0
-162,-465,113,158,35,0,0,0
-147,-465,93,158,35,0,0,0
-131,-465,72,158,35,0,0,0
-116,-465,50,158,35,0,0,0
-100,-465,27,158,35,1,0,0
-85,-465,-5,158,35,1,0,0
-69,-465,-37,158,35,1,0,0
-54,-465,-70,158,35,1,0,0
-38,-465,-91,158,35,1,0,0
-23,-465,288,249,69.999,1,0,0
-7,-465,283,249,69.999,1,0,0
8,-465,271,249,69.999,1,0,0
24,-465,259,249,69.999,1,0,0
39,-465,247,249,69.999,1,0,0
55,-465,235,249,69.999,1,0,0
70,-465,223,249,69.999,1,0,0
86,-465,211,249,69.999,1,0,0
101,-465,200,249,69.999,1,0,0
117,-465,188,249,69.999,1,0,0
119,-465,176,249,69.999,1,0,0
-581,-459,164,249,69.999,1,0,0
-581,-459,146,249,69.999,1,0,0
-565,-459,129,249,69.999,1,0,0
-550,-459,112,249,69.999,1,0,0
-535,-459,95,249,69.999,1,0,0
-519,-459,78,249,69.999,1,1,0
-504,-459,60,249,69.999,0,1,0
-477,-459,42,249,69.999,0,1,0
-450,-459,17,249,69.999,0,1,0
-423,-459,-8,249,69.999,0,1,0
-396,-459,-34,249,69.999,0,1,0
-369,-459,-61,249,69.999,0,1,0
-342,-459,317,168,139.999,0,0,1
-339,-459,319,168,139.999,0,0,1
-335,-459,312,168,139.999,0,0,1
-331,-459,305,168,139.999,0,0,1
-328,-459,296,168,139.999,0,0,1
-324,-459,287,168,139.999,0,0,1
-320,-459,277,168,139.999,0,0,0
-305,-459,266,168,139.999,0,0,0
-290,-459,255,168,139.999,0,0,0
-275,-459,242,168,139.999,0,0,0
-259,-459,228,168,139.999,0,0,0
-244,-459,214,168,139.999,0,0,0
-229,-459,198,168,139.999,0,0,0
-213,-459,182,168,139.999,0,0,0
-198,-459,165,168,139.999,0,0,0
-183,-459,147,168,139.999,0,0,0
-167,-459,128,168,139.999,0,0,0
-152,-459,108,168,139.999,0,0,0
-137,-459,87,168,139.999,0,0,0
-122,-459,66,168,139.999,0,0,0
-106,-459,43,168,139.999,1,0,0
-91,-459,12,168,139.999,1,0,0
-76,-459,-20,168,139.999,1,0,0
-60,-459,-51,168,139.999,1,0,0
-45,-459,-83,168,139.999,1,0,0
-30,-459,-95,168,139.999,1,0,0
-14,-459,284,177,69.999,1,0,0
1,-459,281,177,69.999,1,0,0
16,-459,272,177,69.999,1,0,0
31,-459,263,177,69.999,1,0,0
47,-459,254,177,69.999,1,0,0
62,-459,246,177,69.999,1,0,0
77,-459,237,177,69.999,1,0,0
93,-459,228,177,69.999,1,0,0
108,-459,220,177,69.999,1,0,0
119,-459,211,177,69.999,1,0,0
-581,-531,202,177,69.999,1,0,0
-581,-531,189,177,69.999,1,0,0
-563,-531,175,177,69.999,1,0,0
-545,-531,161,177,69.999,1,0,0
-527,-531,147,177,69.999,1,0,0
-510,-531,133,177,69.999,1,0,0
-492,-531,119,177,69.999,0,0,0
-474,-531,103,177,69.999,0,1,0
-457,-531,82,177,69.999,0,1,0
-427,-531,60,177,69.999,0,1,0
-398,-531,38,177,69.999,0,1,0
-369,-531,14,177,69.999,0,1,0
-339,-531,-11,177,69.999,0,1,0
-310,-531,-36,177,69.999,0,1,0
-280,-531,-62,177,69.999,0,0,1
-274,-531,318,176,128.33233333333334,0,0,1
-268,-531,319,176,128.33233333333334,0,0,1
-262,-531,312,176,128.33233333333334,0,0,1
-256,-531,304,176,128.33233333333334,0,0,1
-250,-531,296,176,128.33233333333334,0,0,1
-244,-531,286,176,128.33233333333334,0,0,0
-227,-531,276,176,128.33233333333334,0,0,0
-209,-531,265,176,128.33233333333334,0,0,0
-191,-531,253,176,128.33233333333334,0,0,0
-173,-531,240,176,128.33233333333334,0,0,0
-156,-531,226,176,128.33233333333334,0,0,0
-138,-531,211,176,128.33233333333334,0,0,0
-120,-531,195,176,128.33233333333334,0,0,0
-103,-531,179,176,128.33233333333334,1,0,0
-85,-531,153,176,128.33233333333334,1,0,0
-67,-531,128,176,128.33233333333334,1,0,0
-50,-531,102,176,128.33233333333334,1,0,0
-32,-531,77,176,128.33233333333334,1,0,0
-14,-531,51,176,128.33233333333334,1,0,0
4,-531,26,176,128.33233333333334,1,0,0
21,-531,0,176,128.33233333333334,1,0,0
39,-531,-25,176,128.33233333333334,1,0,0
57,-531,-51,176,128.33233333333334,1,0,0
74,-531,-76,176,128.33233333333334,1,0,0
92,-531,-102,176,128.33233333333334,1,0,0
110,-531,279,193,69.999,1,0,0
119,-531,283,193,69.999,1,0,0
-581,-538,279,193,69.999,1,0,0
-581,-538,271,193,69.999,1,0,0
-563,-538,264,193,69.999,1,0,0
-545,-538,257,193,69.999,1,0,0
-527,-538,249,193,69.999,1,0,0
-509,-538,242,193,69.999,1,0,0
-491,-538,235,193,69.999,1,0,0
-473,-538,227,193,69.999,1,0,0
-455,-538,220,193,69.999,0,0,0
-437,-538,205,193,69.999,0,0,0
-419,-538,189,193,69.999,0,0,0
-401,-538,172,193,69.999,0,0,0
-383,-538,154,193,69.999,0,0,0
-365,-538,135,193,69.999,0,0,0
-347,-538,115,193,69.999,0,0,0
-329,-538,95,193,69.999,0,1,0
-312,-538,73,193,69.999,0,1,0
-282,-538,51,193,69.999,0,1,0
-252,-538,27,193,69.999,0,1,0
-223,-538,3,193,69.999,0,1,0
-193,-538,-22,193,69.999,0,1,0
-164,-538,-48,193,69.999,0,1,0
-134,-538,-63,193,69.999,0,0,1
-128,-538,320,297,128.33233333333334,0,0,1
-121,-538,319,297,128.33233333333334,0,0,1
-115,-538,308,297,128.33233333333334,0,0,1
-109,-538,296,297,128.33233333333334,0,0,1
-103,-538,284,297,128.33233333333334,0,0,1
-96,-538,270,297,128.33233333333334,1,0,0
-78,-538,248,297,128.33233333333334,1,0,0
-60,-538,225,297,128.33233333333334,1,0,0
-43,-538,203,297,128.33233333333334,1,0,0
-25,-538,180,297,128.33233333333334,1,0,0
-7,-538,158,297,128.33233333333334,1,0,0
11,-538,135,297,128.33233333333334,1,0,0
29,-538,113,297,128.33233333333334,1,0,0
47,-538,90,297,128.33233333333334,1,0,0
65,-538,68,297,128.33233333333334,1,0,0
83,-538,46,297,128.33233333333334,1,0,0
101,-538,23,297,128.33233333333334,1,0,0
119,-538,1,297,128.33233333333334,1,0,0
119,-538,-22,297,128.33233333333334,1,0,0
-581,-473,-44,297,128.33233333333334,1,0,0
-581,-473,-70,297,128.33233333333334,1,0,0
-565,-473,-93,297,128.33233333333334,1,0,0
-549,-473,292,177,69.999,1,0,0
-533,-473,295,177,69.999,1,0,0
-517,-473,292,177,69.999,1,0,0
-502,-473,290,177,69.999,1,0,0
-486,-473,288,177,69.999,1,0,0
-470,-473,285,177,69.999,0,0,0
-454,-473,276,177,69.999,0,0,0
-439,-473,265,177,69.999,0,0,0
-423,-473,252,177,69.999,0,0,0
-407,-473,239,177,69.999,0,0,0
-391,-473,226,177,69.999,0,0,0
-376,-473,211,177,69.999,0,0,0
-360,-473,195,177,69.999,0,0,0
-344,-473,178,177,69.999,0,0,0
-328,-473,161,177,69.999,0,0,0
-312,-473,143,177,69.999,0,0,0
-297,-473,123,177,69.999,0,0,0
-281,-473,103,177,69.999,0,0,0
-265,-473,82,177,69.999,0,0,0
-249,-473,60,177,69.999,0,0,0
-234,-473,38,177,69.999,0,0,0
-218,-473,14,177,69.999,0,0,0
-202,-473,-11,177,69.999,0,0,0